1000 1000
916 378
803 435
287 589
473 274
787 829
745 763
732 585
127 27
571 138
574 111
324 70
835 9
152 944
435 461
66 877
708 652
967 490
270 923
232 281
464 569
933 508
32 661
285 691
781 630
593 740
591 595
616 399
561 756
769 845
446 469
518 549
296 388
585 304
185 308
953 400
155 899
480 228
190 352
223 599
93 487
359 639
634 542
495 791
18 751
864 960
789 72
714 555
590 220
775 293
801 799
32 561
456 375
93 317
206 173
294 379
99 404
605 203
493 5
539 770
353 129
622 946
284 392
196 160
944 89
624 859
688 602
379 48
249 593
696 513
503 997
209 631
142 699
215 948
978 548
46 923
542 879
91 227
978 160
547 514
917 462
967 70
105 57
415 229
798 122
763 918
178 971
695 582
289 416
842 470
277 332
331 98
146 690
888 971
642 203
306 601
672 17
967 296
818 406
539 634
524 575
524 717
516 584
716 279
364 10
433 671
837 803
879 574
541 641
247 604
612 831
278 392
256 973
158 367
644 530
311 942
112 892
42 939
692 556
659 183
256 4
496 130
832 452
948 833
992 602
452 381
963 380
17 240
175 587
985 321
979 727
812 341
939 515
768 838
609 985
42 57
855 932
438 107
787 849
133 356
629 71
642 74
962 239
966 696
453 952
439 90
335 329
7 359
729 452
697 690
602 939
881 615
877 320
701 695
18 537
186 268
507 577
449 546
846 412
993 215
27 677
978 760
984 271
847 935
983 534
152 867
673 492
795 316
412 268
835 277
213 200
589 675
751 118
606 393
155 588
243 201
993 105
252 938
892 379
323 718
1000 10
291 335
3 496
548 151
148 35
316 608
953 113
183 482
821 260
865 160
641 186
680 145
566 289
750 10
121 242
533 670
992 600
612 65
470 912
245 223
972 392
625 94
549 779
385 118
598 52
965 777
902 808
838 231
651 117
496 763
579 414
13 348
850 457
403 338
289 35
794 488
756 628
161 463
780 537
206 379
764 703
882 925
610 246
589 104
109 531
934 231
152 381
325 942
915 93
518 220
756 711
700 910
94 742
148 90
737 815
541 186
92 612
626 385
795 351
538 848
351 250
185 779
35 271
507 693
160 712
923 87
373 142
249 628
670 749
236 702
646 956
339 407
334 832
26 378
661 278
78 188
741 589
284 41
838 637
209 356
505 918
859 102
774 802
575 507
969 613
116 506
235 443
954 607
796 864
182 620
991 141
2 542
471 87
37 304
989 262
29 312
823 332
258 747
184 629
615 611
267 141
842 370
865 709
638 681
292 317
82 221
194 680
557 361
74 691
185 248
873 52
107 421
795 717
574 764
457 255
934 641
134 974
164 3
923 299
291 336
263 856
872 517
491 785
812 499
897 733
717 131
537 902
344 489
855 369
498 90
732 393
428 405
253 247
540 757
763 912
538 790
137 108
457 673
637 754
749 256
975 386
503 70
547 672
407 686
421 67
825 658
348 663
207 31
445 100
484 249
584 34
68 393
394 466
511 461
301 655
627 33
189 552
937 613
287 109
699 451
44 246
859 92
153 508
680 30
837 311
773 480
957 731
867 67
422 128
630 388
739 57
276 740
94 582
181 617
949 946
818 804
211 141
17 107
908 467
254 533
954 535
62 917
528 18
158 69
926 328
714 547
81 556
675 953
327 596
945 246
760 858
805 346
583 67
999 533
609 166
295 588
434 806
308 570
944 74
183 195
18 339
667 242
446 49
317 206
451 478
400 888
610 401
592 743
169 573
460 933
355 463
908 488
1000 427
643 443
32 852
835 863
163 428
266 963
119 811
676 199
449 293
505 60
69 775
474 667
273 941
164 948
880 555
464 604
65 869
369 669
69 715
875 869
722 514
121 20
576 647
800 266
625 785
423 902
673 311
857 892
583 136
698 425
648 244
620 868
43 321
28 279
466 245
859 838
164 396
312 605
934 69
5 521
339 332
531 100
602 629
523 179
454 214
119 539
63 793
767 74
34 892
254 803
813 415
524 588
213 896
443 330
872 727
284 525
132 520
211 899
647 146
982 608
116 342
343 661
664 809
459 488
257 175
571 989
724 234
892 662
231 97
176 955
42 53
164 710
895 905
527 302
173 32
519 994
238 313
384 746
925 651
569 511
475 690
523 942
926 579
960 823
155 623
92 482
4 76
659 402
290 896
9 8
951 83
544 239
660 126
843 834
870 728
733 144
289 219
2 595
778 704
709 720
249 308
92 547
762 287
539 787
637 920
408 100
98 506
294 739
743 56
219 322
668 894
649 680
534 202
202 229
465 888
534 134
155 969
978 365
837 826
846 681
398 105
974 938
574 475
684 197
123 982
830 839
301 856
959 254
357 720
99 297
682 235
743 8
895 818
586 187
86 153
146 200
847 413
298 119
493 411
428 923
964 607
964 166
275 939
897 142
884 128
57 24
225 267
472 567
256 645
350 358
243 564
269 391
449 218
212 99
786 321
20 303
487 401
399 976
67 955
854 700
477 428
349 585
642 618
487 686
172 429
725 670
310 515
917 746
6 292
409 624
175 187
540 876
723 533
553 499
576 744
120 726
923 318
840 470
198 339
204 557
560 204
433 278
956 49
269 802
522 177
957 652
990 180
222 646
107 358
817 705
180 823
430 592
686 273
554 359
972 9
343 378
111 395
946 592
562 608
669 618
850 303
357 28
34 775
414 192
716 480
338 918
826 898
937 131
433 662
929 814
150 646
549 46
498 375
376 167
589 202
630 15
151 606
547 927
437 780
712 139
349 511
197 58
889 807
407 524
52 725
781 440
753 905
169 278
82 181
898 441
622 420
594 368
582 62
761 309
991 39
141 3
187 461
146 740
267 446
404 36
633 554
671 649
1000 227
596 801
733 180
362 245
381 987
722 571
73 156
990 314
225 268
728 487
116 137
965 858
334 224
420 154
799 303
402 874
326 232
967 911
56 274
425 799
919 190
133 729
680 489
368 547
882 499
912 808
637 899
892 246
21 846
148 668
728 368
296 347
169 387
522 892
333 331
377 565
83 217
459 238
870 108
595 389
427 860
528 421
246 20
828 629
253 577
485 501
332 475
55 775
589 528
562 537
672 281
874 230
210 854
912 384
266 307
834 427
981 318
310 113
448 526
957 877
63 647
610 541
934 591
833 892
366 420
724 796
324 191
833 506
546 921
826 478
971 805
899 958
778 600
734 865
315 596
647 214
221 158
67 241
343 644
488 844
754 737
644 638
395 82
985 414
319 964
183 644
983 694
471 739
737 215
695 490
518 456
334 542
660 54
607 809
490 176
116 734
904 433
410 295
970 175
338 422
526 945
3 482
611 795
127 991
590 668
845 355
768 918
538 33
973 976
972 470
734 441
442 377
475 609
229 832
501 904
877 516
366 539
332 385
129 126
893 659
247 876
495 403
44 116
418 159
150 671
124 134
929 863
171 469
911 74
79 46
156 815
226 679
81 535
479 272
116 293
957 18
253 343
516 433
776 892
295 602
540 380
468 197
881 139
514 286
177 734
798 126
29 184
562 621
653 824
120 838
128 622
680 406
237 887
94 859
761 152
247 284
43 625
146 791
633 864
247 839
380 977
79 375
667 214
117 872
805 919
585 869
184 377
503 491
515 883
688 543
60 359
718 284
780 598
313 820
441 443
708 243
344 460
699 254
984 589
507 252
93 526
20 620
395 609
996 576
726 430
370 740
808 513
320 199
692 952
136 141
201 423
614 838
707 16
433 172
353 782
326 764
267 594
222 960
539 837
908 801
185 579
729 599
470 129
441 990
762 156
182 168
8 91
689 595
86 69
926 242
560 806
780 400
499 549
693 232
275 64
983 775
167 111
848 167
1 356
337 326
400 609
745 86
141 613
574 215
653 664
778 619
392 127
874 156
115 313
350 942
19 427
274 748
547 14
120 473
425 160
437 319
118 810
388 716
944 29
802 590
656 207
129 723
971 677
790 451
541 702
373 232
479 887
500 473
557 71
373 547
809 891
380 155
918 736
343 589
197 196
477 778
147 954
954 729
829 246
575 2
936 926
168 666
44 28
476 737
561 686
654 671
893 808
461 348
409 683
362 174
736 415
819 200
209 966
964 295
825 851
351 85
106 77
753 612
849 137
892 635
888 422
630 191
84 640
269 233
402 755
392 217
58 309
223 9
219 465
573 560
362 672
297 314
987 241
668 267
101 377
469 837
316 724
143 718
832 428
601 857
638 671
744 65
277 301
108 820
959 528
157 27
346 337
409 880
136 990
856 177
778 860
391 193
5 11
404 88
219 71
820 992
56 921
466 419
93 99
925 905
448 927
692 563
714 746
900 936
480 804
170 978
959 682
852 53
199 101
362 238
74 410
832 471
410 257
730 285
557 934
832 726
909 242
30 487
437 689
541 143
947 86
482 325
257 703
100 833
648 66
119 402
494 81
338 314
580 336
777 156
967 809
56 220
98 716
487 714
745 806
782 222
748 720
263 255
597 194
232 84
149 622
392 156
361 878
363 366
573 994
727 377
431 328